0.0 0.0 0.0 0.0 0.0 0.0 0.0 0.0 0.0 0.0 0.0 0.0 0.0 0.0 0.0 0.0 0.0 0.0 0.0 0.0 0.0 0.0 0.0 0.0 0.5 0.0 0.0 0.0 0.5 0.0 0.0 0.0 0.0 0.0 0.0 0.0
0.0 0.0 0.0 0.0 0.0 0.0 0.0 0.0 0.0 0.0 0.0 0.0 0.0 0.0 0.0 0.0 0.0 0.0 0.0 0.0 0.0 0.0 0.0 0.0 3.6419627874384556E-4 3.6419627874384556E-4 0.062408950930314046 0.43686265651219824 0.062408950930314046 3.6419627874384556E-4 3.6419627874384556E-4 0.43686265651219824 0.0 0.0 0.0 0.0
0.0 0.0 0.0 0.0 0.0 0.0 0.0 0.0 0.0 0.0 0.0 0.0 0.0 0.0 0.0 0.0 0.0 0.0 0.0 0.0 0.0 0.0 0.0 0.0 3.641962787438456E-4 3.641962787438456E-4 0.06240895093031406 0.4368626565121983 0.06240895093031406 3.641962787438456E-4 3.641962787438456E-4 0.4368626565121983 0.0 0.0 0.0 0.0
0.0 0.0 0.0 0.0 0.0 0.0 0.0 0.0 0.0 0.0 0.0 0.0 0.0 0.0 0.0 0.0 0.0 0.0 0.0 0.0 0.0 0.0 0.0 0.0 3.641962787438455E-4 3.641962787438455E-4 0.06240895093031405 0.4368626565121982 0.06240895093031405 3.641962787438455E-4 3.641962787438455E-4 0.4368626565121982 0.0 0.0 0.0 0.0
0.0 0.0 0.0 0.0 0.0 0.0 0.0 0.0 0.0 0.0 0.0 0.0 0.0 0.0 0.0 0.0 0.0 0.0 0.0 0.0 0.0 0.0 0.0 0.0 0.002840903548126451 2.7771832946187947E-5 0.01765675331306407 0.4857938421907815 0.4857938421907815 0.002840903548126451 9.912563263474565E-5 0.004946857743539729 0.0 0.0 0.0 0.0
0.0 0.0 0.0 0.0 0.0 0.0 0.0 0.0 0.0 0.0 0.0 0.0 0.0 0.0 0.0 0.0 0.0 0.0 0.0 0.0 0.0 0.0 0.0 0.0 0.08375138444621016 0.2945537310269418 0.07634345956374136 0.051670695848024396 0.049807023792408874 0.07613615017444886 0.29265438207148203 0.07508317307674223 0.0 0.0 0.0 0.0
0.0 0.0 0.0 0.0 0.0 0.0 0.0 0.0 0.0 0.0 0.0 0.0 0.0 0.0 0.0 0.0 0.0 0.0 0.0 0.0 0.0 0.0 0.0 0.0 0.35235884401684053 0.14945531583663144 7.382860982897305E-4 9.123652302955303E-4 8.596126915299895E-4 0.3486340633963705 0.14632476952378015 7.167432062622787E-4 0.0 0.0 0.0 0.0
0.0 0.0 0.0 0.0 0.0 0.0 0.0 0.0 0.0 0.0 0.0 0.0 0.0 0.0 0.0 0.0 0.0 0.0 0.0 0.0 0.0 0.0 0.0 0.0 0.35235884401684053 0.14945531583663144 7.382860982897305E-4 9.123652302955303E-4 8.596126915299895E-4 0.3486340633963705 0.14632476952378015 7.167432062622787E-4 0.0 0.0 0.0 0.0
0.0 0.0 0.0 0.0 0.0 0.0 0.0 0.0 0.0 0.0 0.0 0.0 0.0 0.0 0.0 0.0 0.0 0.0 0.0 0.0 0.0 0.0 0.0 0.0 0.002886660950996651 8.335111492479839E-5 0.007941802721240784 0.4926053145428776 0.4857589291757953 0.00284556144331382 8.24188247389394E-5 0.007795961226112105 0.0 0.0 0.0 0.0
0.0 0.0 0.0 0.0 0.0 0.0 0.0 0.0 0.0 0.0 0.0 0.0 0.0 0.0 0.0 0.0 0.0 0.0 0.0 0.0 0.0 0.0 0.0 0.0 0.2519969010156067 4.2551543654750246E-5 2.276135559425059E-5 0.25147973803643675 0.24798459263751213 0.24840903643948983 4.207560057254594E-5 2.2343371133097622E-5 0.0 0.0 0.0 0.0
0.0 0.0 0.0 0.0 0.0 0.0 0.0 0.0 0.0 0.0 0.0 0.0 0.0 0.0 0.0 0.0 0.0 0.0 0.0 0.0 0.0 0.0 0.0 0.0 0.2519969010156067 4.2551543654750246E-5 2.276135559425059E-5 0.25147973803643675 0.24798459263751216 0.24840903643948983 4.207560057254594E-5 2.2343371133097622E-5 0.0 0.0 0.0 0.0
0.0 0.0 0.0 0.0 0.0 0.0 0.0 0.0 0.0 0.0 0.0 0.0 0.0 0.0 0.0 0.0 0.0 0.0 0.0 0.0 0.0 0.0 0.0 0.0 0.24737222480209317 0.004327744927429941 0.004333105161392049 0.24750885256139615 0.24401868499202575 0.24390037989389712 0.004267302215513294 0.004271705446252446 0.0 0.0 0.0 0.0
0.0 0.0 0.0 0.0 9.019392279066712E-4 0.0 7.950023860789589E-5 0.0 0.0 0.0 0.0 0.0 8.89657562484874E-4 0.0 7.829294044558152E-5 0.0 0.0 0.0 0.0 0.0 0.0 8.358196949931346E-6 0.0 0.016277083409016787 0.0028665078134349777 1.6892355940913877E-6 3.012677711453555E-4 0.4904428957399672 0.4835270708245124 0.002826276657474197 1.6656431730764907E-6 2.969988335959319E-4 0.0 9.005337592735135E-5 0.0 0.0014107425297636938
0.0 0.0 0.0 0.0 2.6228553453400392E-5 1.7085221323884684E-4 1.47282471427611E-7 3.8976214388356285E-5 0.0 0.0 0.0 0.0 2.5868066623119057E-5 1.6852239261466552E-4 1.452582122028211E-7 3.842214037028693E-5 0.0 0.0 0.0 0.0 3.2062346481803863E-4 4.5823510450451064E-5 0.007859949812332451 0.007835820287027133 0.009668877634527713 0.24577941981030632 0.23750889055821414 0.0013939985536185065 0.0013743416526362478 0.00953253550071773 0.24231426935327888 0.23415981650231837 2.8039938876097514E-5 7.221153278516249E-4 9.820930750003244E-4 4.22289665410307E-6
0.0 0.0 0.0 0.0 1.4672381310126453E-5 1.1127636889269568E-7 1.1828647361199397E-7 4.7368698741367065E-5 0.0 0.0 0.0 0.0 1.4470723211041279E-5 1.0972395847991173E-7 1.166607371407355E-7 4.672160536106987E-5 0.0 0.0 0.0 0.0 1.5041487412610867E-6 2.680566885534264E-4 0.016692200018262566 9.208296135101392E-5 0.0081570626376705 0.48278479653867634 0.00301022401501754 4.6842954541773785E-5 4.6182512512795E-5 0.008042044908221725 0.47597754307290446 0.0029677809511362207 3.1671243724579685E-5 0.0017480500951412461 1.0119465061750843E-5 1.4843232126085154E-7
0.0 0.0 0.0 0.0 1.681217458718187E-5 4.2560758876432345E-8 1.782178298523735E-8 3.0559575513119007E-6 0.0 0.0 0.0 0.0 1.6582445830671417E-5 4.197691175081634E-8 1.7577910732938742E-8 3.0141465837042234E-6 0.0 0.0 0.0 0.0 5.048567350120119E-7 8.715171893144322E-5 0.016299785540808385 5.986563879182457E-4 0.002524625311354103 0.47421174327400417 0.017318659010471586 1.468317963231829E-5 1.4476147279113183E-5 0.0024890281476825224 0.4675253500776664 0.0170744663431281 9.147245885678327E-6 0.0017293714199726553 6.271360815430316E-5 5.306845817766934E-8
0.0 0.0 0.0 0.0 1.9173063811497587E-5 1.1106567189166422E-7 3.634797305129557E-5 6.69658518609337E-7 0.0 0.0 0.0 0.0 1.8911008973461845E-5 1.0954770273487988E-7 3.5850943498255446E-5 6.605077090406012E-7 0.0 0.0 0.0 0.0 0.0017507743757652864 0.011477651832080256 0.002057655002826262 0.0016987900146911692 0.3339098896523394 0.05979384594867239 0.04941221059794418 0.05091806706802347 0.0502001216405675 0.3292017549251414 0.058950752261874566 0.04871549771507527 0.0012176634012975938 2.177409657898037E-4 1.8014735838047953E-4 1.85603470593655E-4
0.01098872876668329 1.445450271517057E-8 1.5627319411797876E-6 1.006925151345154E-7 0.07920975292705526 5.492707472638263E-7 3.582720804084911E-4 1.9364936039682277E-8 0.0 0.0 0.0 0.0 0.017508410213384923 5.417636927539174E-7 4.272157077647696E-4 1.9100316331151015E-8 3.0342486043286942E-5 1.4796034688283535E-5 2.3445052251440798E-5 5.016372972609474E-10 0.001367114025628096 9.771351924409345E-5 5.625834988247235E-5 0.327568249849823 0.001521586397268736 0.001920841318270713 0.23165892187808662 0.03998109516077241 0.03920185276338463 0.0015002830171266337 0.0016126594666786543 0.22940576141896107 5.548689614730446E-6 0.008209372913876177 8.440218810518686E-4 0.006484948201761563
0.010413979570475965 4.2622462513795963E-4 3.418817212301958E-7 6.094915508304491E-5 0.004188361367644631 0.02920515417654844 2.4443053985531136E-5 2.510237008539121E-5 0.0 0.0 0.0 0.0 9.441363566893771E-4 0.0064738076886777735 5.510672676936419E-6 6.2970720708802535E-6 3.800370273036763E-7 2.3748037172479562E-4 8.719241320241151E-7 6.509284702947997E-9 0.012713683974370917 1.0492156485615672E-5 0.0018267133297978852 0.3121318795278387 1.6019161970674483E-5 0.0015748018810036396 0.27156051681337495 0.009225867053690318 0.009132331245531566 1.5769144033765842E-5 0.0015554656108370513 0.26662311552318213 1.6938897402444368E-6 8.631226538078966E-5 0.06139810373864828 1.1418785114714546E-4
0.005626674937005528 2.143135327383454E-4 3.930500155473202E-5 0.005445076461559066 9.317933660476749E-4 0.0016246554170018495 3.2501778864469365E-5 9.316836406845773E-4 0.0 0.0 0.0 0.0 2.071282409619095E-4 3.632062679564148E-4 7.207135751711098E-6 2.069973660157972E-4 1.192422950237899E-4 1.2036150175972576E-4 4.8584138267447875E-6 7.124874293240944E-7 0.006423310749025905 0.00117681252192238 0.16317217848987034 0.1686141490299094 9.863086156714168E-4 0.14106316893302712 0.145733772799972 0.0055830174841083515 0.005481753339517497 9.69920180176477E-4 0.13854026006539819 0.14315367551064642 1.8189741300085258E-4 0.03076739029186246 0.03102093359052471 0.001255733141184982
0.005690223205020371 0.005216437886652627 1.1584338852970778E-4 1.1871233997825579E-4 3.325634458929662E-4 0.015926804595528313 2.2835155007821563E-4 2.2836805102168563E-4 0.0 0.0 0.0 0.0 7.428411726925786E-5 0.0035482183627253455 5.079279140186918E-5 5.081247290509215E-5 2.547068128557496E-6 1.2377610235853552E-4 1.1255219775887723E-4 2.5293865385640023E-6 0.15631776681553172 0.0034714696689696614 0.00355744367962926 0.17052115345064445 0.003001010762983247 0.0030747984734622153 0.14748189688535615 0.13503762825486695 0.1326376890009103 0.0029474067568515455 0.0030202909861483983 0.14485218103374603 6.525505289383567E-4 6.565560879728055E-4 0.031927221187053795 0.029020119465146342
0.0012258028718480796 0.001247085119082213 0.0036003811914220164 0.0034186179103106 0.02099339201396201 0.014682085853724604 0.02141516274160942 0.07821745245019467 0.0 0.0 0.0 0.0 0.004676658272510265 0.0032707448177043846 0.004771733345533634 0.017425591685186943 7.389219054442688E-5 2.6547230873417723E-5 2.7032126382791515E-5 7.819599399750986E-5 0.03737140460755649 0.1078933511064806 0.10244435681948266 0.036733406779369634 0.09329497706284715 0.0885209172051657 0.03174890537894755 0.03230729615595955 0.031732054863749706 0.09163249621471692 0.08694656720374408 0.03118379850576144 0.020168559007543625 0.01905385602615444 0.0068461523288884125 0.006971524918745521
0.0022970918576548935 0.004207876784874171 2.3694409843827E-5 1.330416314082995E-5 0.001679375095583117 0.33914121338228875 0.004545071296302671 0.0019640399531866168 0.0 0.0 0.0 0.0 3.741312554823172E-4 0.07556155648899292 0.0010125708059698642 4.3754351013359605E-4 2.8820869520894973E-7 4.978137720716219E-5 9.132444873374822E-5 5.125439913906753E-7 0.12609791813132157 7.100432266841414E-4 3.9868409696757536E-4 0.0688368390889685 6.136097968435455E-4 3.446061652771275E-4 0.05950536581178739 0.10902499183448056 0.10708277214764618 6.026932902238933E-4 3.384717697346701E-4 0.058445942378321854 1.3216992784632447E-4 7.432599168807144E-5 0.012838356054938771 0.0235538347051888
0.01299098439940693 0.0011119116531833947 2.828097052968424E-4 0.21695999126827248 0.01031095405244472 0.04345009906705596 0.0022565097226034626 0.039091785242701696 0.0 0.0 0.0 0.0 0.10334239692535052 0.008780693357102519 1.2747873238003058E-4 0.00993298093036542 0.033640380210525705 0.007393570262452263 4.084757635355586E-5 2.3039870118823303E-4 0.0023156951739019267 0.002407875239553855 0.013517072896782537 0.01857570182628636 0.002803274201782615 0.1866522520810612 0.009067448286182424 0.002206154953197825 0.0019616852479261756 0.001929747822061758 0.10298978223779086 0.008799734826621369 4.1481909517244206E-4 0.15438583520146143 0.0014195449922894878 6.095841112446193E-4
7.290477147574633E-6 0.005025771007367212 0.26334528336503754 9.253123938896254E-4 3.110267053062137E-5 6.252683624728486E-5 0.006783288773620805 0.011501054573840722 0.0 0.0 0.0 0.0 2.7841005889523634E-5 4.709404644236842E-5 0.023397885545083902 0.007862020077925335 1.7219389091889777E-4 1.264817813195856E-6 8.104830674744499E-4 0.06179490350412597 4.365255738903243E-4 0.08940538106870212 2.2373338297295415E-4 1.2109448434654785E-6 0.22121839003167384 8.271099082804912E-4 6.594673760283928E-6 0.0043310261304630865 0.0024163935590277032 0.13783634870633218 4.971662430188174E-4 3.792576630814016E-6 0.1568528405283128 6.1092299405962E-4 5.042428544026566E-6 0.003532205196132509
7.089437322236516E-4 0.004378249463622587 0.11150421814615605 0.10926966280425075 4.2261026330044993E-4 0.0013313425289669626 0.001969244309221549 0.07154766665345942 0.0 0.0 0.0 0.0 7.125123685397742E-4 0.0038698355800147384 0.0017691894990171954 0.12140783209434049 0.0254713893269792 1.6013646273469107E-4 0.001026391130807981 0.025887447447629264 0.0014831870129446453 0.037083179786875156 0.036541538357898515 2.194267634629605E-4 0.09385305142351595 0.09185583690502316 5.974642462525878E-4 0.0036782460275715887 0.0022911229556477324 0.058311535868559035 0.057110615997609485 3.675469430088381E-4 0.06680242055219422 0.06532764785936548 4.3133041679350114E-4 0.0026091770720130425
3.486541074087921E-4 0.008936901198207005 0.22845613973858706 0.011795359120376384 3.2410216735157687E-4 0.008616674779616086 1.524058532853769E-4 0.007112028452305376 0.0 0.0 0.0 0.0 2.7469602453154394E-5 2.812631503294525E-4 0.0011543570774685283 0.024587702844880484 0.006042113660068224 4.846844995798189E-4 0.0021336776543715696 0.08960347665355523 0.003111004483677996 0.10178526784992932 0.009678953507192103 7.694486127854622E-4 0.18246943347656852 0.00865286884244674 4.3684348645276096E-4 0.007216944421494447 0.004681773916760589 0.13443697495205137 0.004476010125934593 5.614657774064561E-4 0.1380275085321495 0.008212048778766648 2.384672200437726E-4 0.005187975456496152
0.0031318332735307654 9.446001978350497E-4 0.0999320112150139 0.15606790423822076 5.267690292645289E-4 6.194779647612901E-6 5.449805680570144E-4 0.0012627823101151057 0.0 0.0 0.0 0.0 9.38854382192823E-4 1.7818312000571196E-5 8.193273260785263E-4 5.950012837905358E-4 0.05880902712776176 0.0012292714903371538 3.8756067292542134E-4 0.04001737200868621 4.802485447565721E-4 0.047966066108031155 0.069579844005079 0.0014086174890047011 0.07978445153559388 0.12463080919590075 0.0024994607599170666 7.448711120075041E-4 5.227275549994181E-4 0.05787940596920302 0.08977935415713544 0.0018335573355209055 0.0609409619204577 0.09423827680776471 0.0018951663171362565 5.848729720345502E-4
0.21182584648717911 0.049370759080690316 2.751309279527087E-4 8.900348210578036E-4 9.752068892143826E-5 5.4096178369661596E-5 2.3382490745236353E-5 3.098024468113586E-7 0.0 0.0 0.0 0.0 5.841955460506797E-5 7.870675986116795E-5 2.4365973370998476E-5 4.0236616502418605E-7 3.5257675504777464E-4 0.0802519066841263 0.019088283374607835 1.0639873076193212E-4 0.02264106099044762 1.2663689293238703E-4 4.216159593297133E-4 0.09505538739767792 2.196219288087602E-4 7.10611088060757E-4 0.16915217177224967 0.03941914829330242 0.028506389836337416 1.5856123771886143E-4 5.148575029717225E-4 0.121926091412085 1.6686153458559598E-4 5.41789959176294E-4 0.12801588274198442 0.029925170776422778
0.1289410121206549 0.004309828821415593 0.0015700678211480812 0.12716396892668527 8.106773453576786E-4 2.0346044281953495E-5 1.3374884379570884E-5 8.444258221645466E-6 0.0 0.0 0.0 0.0 7.518371365817051E-4 1.3710021577172433E-5 1.6966830923223737E-5 8.24322512938238E-6 0.048376632711273036 0.04908807556838839 0.0016339409574934515 6.024330345733448E-4 0.0019354441388582547 7.141961587642377E-4 0.05731957446402708 0.058172050026765613 0.0012536577289200916 0.10154296174165589 0.10296189721034467 0.0034415699934652287 0.002480977144003757 9.054792071897474E-4 0.07323971956812672 0.0742693989380314 9.506106007577548E-4 0.07689724703989782 0.07798077246983158 0.0026048838612760666
0.0 0.0 0.0 0.0 0.0 0.0 0.0 0.0 0.0 0.560048424628986 0.0 0.43995157537101387 0.0 0.0 0.0 0.0 0.0 0.0 0.0 0.0 0.0 0.0 0.0 0.0 0.0 0.0 0.0 0.0 0.0 0.0 0.0 0.0 0.0 0.0 0.0 0.0
0.0 0.0 0.0 0.0 0.0 0.0 0.0 0.0 0.0 0.0 0.0 0.0 0.0 0.0 0.0 0.0 0.0 0.0 0.0 0.0 0.0 0.0 0.0 0.0 0.9941860465116278 0.0 0.0 0.0 0.005813953488372092 0.0 0.0 0.0 0.0 0.0 0.0 0.0
0.0 0.0 0.0 0.0 0.0 0.0 0.0 0.0 0.0 0.0 0.0 0.0 0.0 0.0 0.0 0.0 0.0 0.0 0.0 0.0 0.0 0.0 0.0 0.0 3.0180209827467598E-5 0.005375849875517666 0.9192690712047782 0.037630949128623664 3.143771857027874E-5 1.7649245513138945E-7 3.143771857027874E-5 0.03763089765165758 0.0 0.0 0.0 0.0
0.0 0.0 0.0 0.0 0.0 0.0 0.0 0.0 0.0 0.0 0.0 0.0 0.0 0.0 0.0 0.0 0.0 0.0 0.0 0.0 0.0 0.0 0.0 0.0 0.012693074586233456 0.0036624882976033987 0.3827315760233758 0.5635540841550125 0.02204166651998589 5.138047612825759E-4 1.2889863461980052E-4 0.01467440702188634 0.0 0.0 0.0 0.0
0.0 0.0 0.0 0.0 0.0029006109395346862 0.0 5.772009122455529E-4 0.0 0.0 0.0 0.0 0.0 0.0011097248493151144 0.0 1.9439318350156443E-7 0.0 0.0 0.0 0.0 0.0 0.0 5.802540915157712E-7 0.0 0.5111673743958791 1.2065909071812753E-5 2.088914729456776E-5 0.37406763907296564 0.09179947468671777 0.003590451146828978 4.884176397280326E-7 7.35178475902193E-7 0.014342220849678499 0.0 1.1954823475396793E-5 0.0 3.983950236021805E-4
0.0 0.0 0.0 0.0 7.188890641507712E-5 0.024537079798885794 7.188890641507712E-5 4.31635362978595E-4 0.0 0.0 0.0 0.0 2.2942839909937205E-5 0.003927781014268989 2.2942839909937205E-5 1.6057576987662855E-4 0.0 0.0 0.0 0.0 0.19021422880496475 0.001110014532158579 0.0077700941648887805 0.1902129332797059 0.0010119863065674577 0.005885499886758449 0.3783275165582779 0.1733950425690406 0.00667455045818087 3.895350030776694E-5 2.258109591484313E-4 0.014689810431410235 1.0468466486990058E-6 8.910853847187417E-7 0.0010421881095984422 1.526970682991135E-4
0.0 0.0 0.0 0.0 1.8417665647997783E-4 3.5299805029530485E-4 1.8417665647997783E-4 0.0011058334579874267 0.0 0.0 0.0 0.0 5.8778687220110725E-5 5.6506277494636004E-5 5.8778687220110725E-5 4.113890429326829E-4 0.0 0.0 0.0 0.0 0.05130901817034879 0.05120065046114234 0.35840420450441157 0.051308668711060365 0.04667898991670186 0.2714752048380948 0.10205132151988071 0.04677215498397612 0.001800415420493367 0.00179677337162199 0.010415780744032998 0.003962478280828454 4.828696183123372E-5 4.110230090888475E-5 2.8112328393233336E-4 4.1189014623882395E-5
0.0 0.0 0.0 0.0 0.0021829118615840793 2.4464140931229833E-5 1.2764160245643181E-5 7.663856936332054E-5 0.0 0.0 0.0 0.0 6.966609992459543E-4 3.9161053013508454E-6 4.073592153561515E-6 2.851086433890929E-5 0.0 0.0 0.0 0.0 3.7356021630393775E-4 3.727712348278721E-4 0.4471480983520081 0.0640131263941169 3.3985085257798726E-4 0.33869474762699603 0.12732008659056437 3.405291497647975E-4 1.3108096742048324E-5 1.3081580456750015E-5 0.012994815613242873 0.004943621212489901 3.5155784596088357E-7 5.127957612749938E-5 3.5073177220851275E-4 2.9988056214911913E-7
0.0 0.0 0.0 0.0 4.215919958029981E-5 4.094802956948005E-5 2.6706734456695935E-7 2.6559949571664567E-4 0.0 0.0 0.0 0.0 1.305474678756532E-5 1.3071049665118867E-5 8.76037681192701E-8 8.476698830671893E-5 0.0 0.0 0.0 0.0 9.33967226409845E-4 0.0058034983003885186 0.27831985937985865 0.15970986620202668 0.00453930409691416 0.38226565786229516 0.14560401250010255 8.514780602634508E-4 3.277617355258414E-5 1.7426777666924078E-4 0.014794154632498946 0.005604775097948488 1.2903666484839994E-6 7.78764969922547E-4 1.2563788603678542E-4 7.352877251282756E-7
0.0 0.0 0.0 0.0 0.0 0.0 0.0 0.0 0.0 0.35679641270954854 0.0 0.6432035872904514 0.0 0.0 0.0 0.0 0.0 0.0 0.0 0.0 0.0 0.0 0.0 0.0 0.0 0.0 0.0 0.0 0.0 0.0 0.0 0.0 0.0 0.0 0.0 0.0
0.0 0.0 0.0 0.0 0.0 0.0 0.0 0.0 0.0 0.0 0.0 0.0 0.0 0.0 0.0 0.0 0.0 0.0 0.0 0.0 0.0 0.0 0.0 0.0 0.005582693649685973 0.0 0.0 0.0 0.9944173063503139 0.0 0.0 0.0 0.0 0.0 0.0 0.0
0.0 0.0 0.0 0.0 0.0 0.0 0.0 0.0 0.0 0.0 0.0 0.0 0.0 0.0 0.0 0.0 0.0 0.0 0.0 0.0 0.0 0.0 0.0 0.0 0.005582693649685975 0.0 0.0 0.0 0.9944173063503141 0.0 0.0 0.0 0.0 0.0 0.0 0.0
0.0 0.0 0.0 0.0 0.0 0.0 0.0 0.0 0.0 0.0 0.0 0.0 0.0 0.0 0.0 0.0 0.0 0.0 0.0 0.0 0.0 0.0 0.0 0.0 0.005582693649685975 0.0 0.0 0.0 0.994417306350314 0.0 0.0 0.0 0.0 0.0 0.0 0.0
0.0 0.0 0.0 0.0 0.0 0.0 0.0 0.0 0.0 0.0 0.0 0.0 0.0 0.0 0.0 0.0 0.0 0.0 0.0 0.0 0.0 0.0 0.0 0.0 0.5000000000000001 0.0 0.0 0.0 0.49999999999999994 0.0 0.0 0.0 0.0 0.0 0.0 0.0
0.0 0.0 0.0 0.0 0.49667519226856194 0.0 0.0 0.0 0.0 0.0 0.0 0.0 0.49667519226856177 0.0 0.0 0.0 0.0 0.0 0.0 0.0 0.0 0.0 0.0 0.003267602066452064 5.7205664986085984E-5 0.0 0.0 0.0 5.7205664986085964E-5 0.0 0.0 0.0 0.0 0.0032676020664520627 0.0 0.0
0.0 0.0 0.0 0.0 3.6634432168671606E-4 0.09416440248317035 0.3766576099326814 5.495164825300741E-4 0.0 0.0 0.0 0.0 3.6634432168671595E-4 0.0941644024831703 0.3766576099326812 5.495164825300738E-4 0.0 0.0 0.0 0.0 0.011151176921556701 2.608466006021958E-4 3.661004920732573E-7 4.347443343369931E-5 7.611036545733506E-7 6.409293933249268E-9 4.566621927440103E-6 1.9522282034415054E-4 1.301485468961003E-4 1.1416554818600254E-6 2.563717573299706E-8 1.1416554818600254E-6 6.521165015054893E-5 2.440669947155048E-7 6.521165015054893E-5 0.04460470768622679
0.0 0.0 0.0 0.0 0.00598977179838247 0.015782557787522827 0.46937130990715226 0.0027382093340477583 0.0 0.0 0.0 0.0 0.005989771798382467 0.01578255778752282 0.46937130990715203 0.0027382093340477575 0.0 0.0 0.0 0.0 0.0013542850750002588 0.0011917324077678774 7.1115121996726385E-6 4.756274330157181E-5 2.0863570130451482E-5 1.3835937462033578E-7 8.326773896563264E-7 2.133453659901792E-5 1.4489116565473287E-5 1.3792666150703588E-5 8.455329334606755E-8 5.543613012500383E-7 0.0046529987042936 2.7389827702243677E-5 1.8959055726300568E-4 0.004693541677457264
0.0 0.0 0.0 0.0 0.006056076177489843 0.015957264392390567 0.47456706265396187 0.002768520216644167 0.0 0.0 0.0 0.0 0.00605607617748984 0.01595726439239056 0.4745670626539616 0.002768520216644166 0.0 0.0 0.0 0.0 1.44119235094774E-4 1.268208342657302E-4 7.567872654756817E-7 5.0614942970041264E-6 2.2202428602753873E-6 1.4723818202360587E-8 8.861120209713596E-8 2.270361796427046E-6 1.5418913160618197E-6 1.4677770081432836E-6 8.997925316261032E-9 5.899358131985899E-8 4.9515912605006E-4 2.9147489628978276E-6 2.0175697567907635E-5 4.994735960155613E-4
0.0 0.0 0.0 0.0 0.0505483427004658 0.052480823795269346 0.05830090998369285 0.3278795196217706 0.0 0.0 0.0 0.0 0.05054834270046577 0.05248082379526931 0.05830090998369281 0.3278795196217704 0.0 0.0 0.0 0.0 5.090073889433063E-4 0.0018917841145410315 0.001719770489702638 4.6620179854923413E-4 3.0189873434785827E-5 2.9691495580919934E-5 7.760027532144611E-6 8.494756531615298E-6 5.687285084387673E-6 2.043307674099754E-5 1.9696091230981414E-5 5.190133116391123E-6 0.006653407259117561 0.00661050458705228 0.001715674108450156 0.0018873153119949274
0.0 0.0 0.0 0.0 0.4856455018562062 0.006385038561740066 0.0027263438841143477 0.002357540482805989 0.0 0.0 0.0 0.0 0.4856455018562059 0.0063850385617400625 0.002726343884114347 0.0023575404828059874 0.0 0.0 0.0 0.0 4.413737738575203E-6 2.4679999878179797E-6 4.375891940630534E-4 7.982251159140577E-4 4.1182512304320385E-8 7.244273134518165E-6 1.2962073108004199E-5 7.48400339491565E-8 4.986864971411471E-8 2.7545957143262147E-8 4.8574931329458035E-6 8.733238620184368E-6 9.123974683025896E-6 0.0016052892107975428 0.002863426441876463 1.6624240057688062E-5